1459.922198260145 -799.346228814563 21.80244555286093
3.866080078296363e-006 -497.9641921396407 40.91356751997444
1459.482151176893 -154.776351248601 784.4134849166072
3.866080078296363e-006 -56.87524164209752 496.6404560584635
1459.467820866485 -337.4829538790694 724.8385056361481
3.866080078296363e-006 -206.3834807554314 455.3507358887564
1459.830534365861 -799.1740792965885 -26.95757892128709
3.866080078296363e-006 -499.298533713847 -11.65865990800572
1459.486848118365 -328.1302193449969 729.1163712354148
3.866080078296363e-006 -194.381943477134 460.2702290471243
1459.584130405981 799.209301105604 -5.909004274486009
3.866080078296363e-006 499.378375483579 -2.105135365659244
1459.903561961992 517.0063821591293 610.0358938181824
3.866080078296363e-006 312.8376743001054 389.2979283117164
1459.94110475069 752.3203124409109 271.0791345016432
3.866080078296363e-006 457.1770355540502 201.4553227206882
1459.485846508926 -152.8339049238984 784.8017975050092
3.866080078296363e-006 -81.88762375195174 492.8609373227441
1459.963205022914 196.2994237940971 775.1484887617969
3.866080078296363e-006 93.63511908086855 491.0109021902893
1459.350045523257 -437.9089111809124 669.0530507705385
3.866080078296363e-006 -243.2826095082535 436.7213119315034
1459.879679523326 452.8295495089873 659.0736168817529
3.866080078296363e-006 291.933234975623 405.8418053448984
1459.85136486369 476.9125482603848 641.7930911054599
3.866080078296363e-006 326.7399366994795 378.1987362324421
1459.844012542221 -770.8484655022677 213.1511547306617
3.866080078296363e-006 -488.4267457203061 105.0195504004624
1459.958778115685 431.0434351593577 673.5360740346275
3.866080078296363e-006 257.1795175313438 428.3771183472304
1459.979070046028 158.1710216241018 784.0415473291866
3.866080078296363e-006 100.1429891422831 489.4999277033348
1459.761072480009 592.264702177435 537.1361065593694
3.866080078296363e-006 351.2282485363484 354.8989817539335
1459.608553645417 706.6536933571338 374.248319333536
3.866080078296363e-006 438.9815712929178 238.5351072611518
1459.693046829063 609.6901114719652 517.7808537896473
3.866080078296363e-006 372.7954635752462 332.6009965891269
1459.837889208048 309.7339374833139 737.267491005819
3.866080078296363e-006 205.9350787717068 455.4406527752511
1459.843607055611 36.12034903238211 798.836946554307
3.866080078296363e-006 -10.7321604397728 499.5720540045048
1459.970046453134 -618.5579322197018 506.9392642475126
3.866080078296363e-006 -369.8440808287095 335.946450465102
1459.736154711672 799.3300572238895 17.55666040222149
3.866080078296363e-006 499.2024867718881 21.49069205807882
1459.610675837701 -85.66192423636166 795.2490436486314
3.866080078296363e-006 -37.92104431349696 498.1687235855218
1459.839763942573 312.6351467871658 735.987431491547
3.866080078296363e-006 211.5275764565253 452.9472792989851
1459.321368290472 -427.1178203043115 675.8617343301943
3.866080078296363e-006 -262.2129181361507 425.2887273174132
1459.442519991315 -175.6084307700134 780.2489638084149
3.866080078296363e-006 -84.86549090825278 492.3877038828698
1459.52251690631 -133.5526857201851 788.6465973572633
3.866080078296363e-006 -86.84599649350145 492.0729680596769
1459.969332578545 -621.5661089900824 503.1250565187597
3.866080078296363e-006 -380.1106767870278 324.4315915646179
1459.716720039839 -767.6746784475839 224.3264943613699
3.866080078296363e-006 -485.0914560241553 120.5102257178677
1459.781029695344 784.6043816471716 153.7563637683383
3.866080078296363e-006 492.3759527281852 84.72043101409064
