267370.4545109112 231362.6787174522 77417.05698745525
267114.1903341427 230742.7424944879 77416.51388625913
267435.4166442148 231338.4327457686 76907.05264188557
267180.3764703321 230718.5515029804 76908.85472953189
267458.6440965496 231329.4359494784 76940.97612849684
267203.181603785 230709.8565772167 76942.72677337723
267456.5576867227 231330.2449362088 76937.34359127746
267199.9237324735 230711.1122600665 76937.35452200918
267384.6558878399 231357.4833502039 76854.01127279784
267149.5377941573 230730.0205171423 76873.67922273385
267472.232295324 231324.1465802545 77293.95391784525
267201.0039901897 230710.7306828164 77321.59925652899
267393.8586245859 231354.0908815399 77398.19260744234
267134.9553964156 230735.3064829308 77400.08494822533
267498.7249289432 231313.6035447033 77222.66417367281
267241.560264714 230694.7918453587 77224.56623028328
267415.200975659 231346.0823546054 77376.57605259751
267178.563023088 230719.2234336161 77353.61707424525
267413.4112638121 231346.8077981124 76881.25132481581
267177.172333254 230719.7534969451 76904.86903084056
267480.317161445 231320.9714638712 77278.01247486933
267223.7596776788 230701.8223545721 77277.36175397017
267504.945326 231311.0105633224 77066.46460716333
267248.4161148822 230692.070055048 77066.55387429129
267466.370486348 231326.445969649 77305.02920571745
267209.1867805133 230707.5284687054 77306.67496281389
267408.3997414098 231348.6735276063 76876.24598032564
267174.6847161048 230720.6866969695 76901.77462751936
267457.0418105242 231330.1108065798 77322.67471686554
267200.1641609445 230711.0593375849 77323.13099055005
267510.5702548378 231308.8045716911 77144.21248178071
267254.1262301583 230689.7765372318 77144.57094147266
267510.1201326295 231308.9520255179 77121.04282914296
267253.569721607 230689.9976750524 77121.59144677664
267398.4496181412 231352.3778387837 76866.30812298818
267146.2219855673 230731.2363136253 76870.45164179927
267505.2322491244 231310.9405788553 77194.59651363529
267252.2885553453 230690.5007973051 77162.304503418
267464.7128386452 231327.0971883894 77308.16470335629
267208.2969253027 230707.8767003965 77308.29793737417
267483.458933496 231319.6628051355 76991.01023537965
267226.3928894559 230700.7914553413 76989.18963578827
267505.8521245302 231310.6872230504 77191.70519498515
267249.2111845893 230691.7136434266 77192.07304490163
267488.6933674427 231317.5560382811 77003.60443194983
267232.648033025 230698.3250428519 77004.41682325902
267493.3915087116 231315.7649797325 77242.58771182102
267244.5577093518 230693.5851817482 77212.28501720245
267478.1862193925 231321.8120152909 77282.70805205545
267233.2978754994 230698.0815372112 77253.0287121322
267483.9358635662 231319.5304194494 77268.20765153304
267213.5826012268 230705.8082292074 77298.65758526257
