267563.730478847 231410.7057174843 77858.48798985858
267529.1744914614 231425.2030610041 77478.07367768856
267682.9156971808 231360.1008899852 78116.35407065993
267645.5989484329 231376.7265668678 77284.78144925006
267703.0924641253 231350.9347298056 78132.12798796102
267703.0924641253 231350.9347298056 76127.86977141908
267735.59375 231335.5625 78114.10635080645
267735.59375 231335.5625 76145.88432459677
267775.4328142158 231316.7244651875 78092.01837204646
267775.4328142158 231316.7244651875 76167.9636200385
267814.7667858757 231298.1314188426 78070.21665235795
267729.1404163605 231338.6147523971 76142.30742236371
267847.0945159231 231282.3140156778 78052.19765621384
267847.096372454 231282.3176895485 76207.78299237014
267882.8397091085 231263.6797490228 78032.06100394465
267882.84784639 231263.695357431 76227.93056470806
267920.7790962905 231243.9021181715 78010.70116262524
267920.7938446681 231243.9304125019 76249.29625112754
267956.431334079 231225.3164914704 77990.6216749795
267956.4526871014 231225.3567792096 76269.37741417105
268052.1168512213 231171.6969055531 77936.01256414432
267981.6446288871 231211.996707322 76283.61344698019
268034.5560994303 231181.7231696641 77946.06943490508
268034.5740166997 231181.7545370316 76313.93581628517
268010.155688178 231195.6583683005 77960.04331172956
268079.3015876202 231156.2045592215 76339.54402479706
268153.9322130098 231111.5383912409 77877.3453749085
268153.9363448158 231111.5450213358 76382.66593427533
268152.853175681 231112.2111675218 77877.9734824378
268213.7669709541 231074.296167135 76417.47223218075
268241.6530345181 231056.8526046504 77826.27076263932
268241.6908895708 231056.91152585 76433.71973939874
268284.0477026264 231028.5719412117 77801.24744567444
268284.0798076924 231028.6192585672 76458.7530966324
268329.1001288295 230998.0250310209 77774.56156253991
268329.1157459638 230998.0480595548 76485.43637829203
268381.7705078969 230962.3129179411 77743.36334084801
268381.7764553867 230962.3213375054 76516.6348880147
268432.2967272085 230925.0879597059 77712.87445143686
268432.307169861 230925.102138076 76547.1407564832
268482.9714709903 230887.7270091145 77682.27345810496
268483.0015695346 230887.767749468 76577.72578587326
268534.9614719283 230848.2829892504 77651.0413497438
268574.3497279211 230817.4232749534 76632.50463594263
268576.5226420621 230815.7293007196 77626.20704072178
268613.5891483923 230785.525736446 76652.93350645684
268682.2366987529 230728.1399626692 77575.48541371868
268648.3375445011 230756.9360171251 76670.1210395735
268717.4170914321 230697.8887163041 77561.90209484407
268748.8273895622 230670.0777614772 76707.94205383475
268801.1213894408 230622.4640651063 77538.66143357985
268771.342490615 230649.9002718544 76714.45792921814
